client 
159
139
140
139
138
138
139
139
138
138
140
139
137
139
137
138
137
136
138
136
136
144
139
137
139
137
136
140
142
135
136
138
139
135
146
137
135
136
137
135
140
139
136
138
135
152
137
139
136
137
138
141
139
140
137
140
139
140
140
140
138
138
136
137
136
138
139
138
137
139
138
139
140
139
140
138
137
137
139
137
138
137
136
135
137
139
136
141
136
137
136
136
136
136
139
134
138
136
144
137
140
142
137
139
138
138
139
140
138
137
136
137
139
138
143
137
138
138
142
138
138
144
137
138
136
138
139
142
137
139
139
140
135
138
137
137
135
138
136
137
136
136
135
138
136
136
137
134
136
136
138
138
142
138
147
140
144
139
140
140
139
138
139
137
139
140
143
139
137
137
137
139
136
138
139
136
136
136
136
138
137
139
136
137
136
136
137
138
136
136
135
139
137
136
137
137
136
137
138
136
140
140
139
139
141
140
138
139
140
138
137
137
140
138
137
139
137
136
138
141
136
140
135
138
138
135
136
136
134
137
137
135
140
139
136
135
134
135
136
142
135
134
135
133
134
134
135
136
137
134
139
140
141
138
137
138
139
136
137
137
136
138
139
137
145
139
138
138
138
138
141
136
135
137
136
138
137
135
136
139
138
135
137
137
142
137
137
136
138
137
135
136
137
136
138
137
135
137
136
134
139
140
138
140
140
139
138
136
136
136
136
142
138
137
139
136
139
136
137
137
139
137
140
136
138
138
138
137
136
139
144
146
186
157
148
143
142
139
138
135
134
136
139
135
137
137
137
138
135
139
146
154
144
139
144
149
140
144
158
139
142
138
139
138
139
141
150
136
157
148
148
140
140
134
143
143
136
135
134
137
168
175
194
174
175
180
150
169
174
168
169
172
167
171
171
173
169
210
170
212
171
174
177
162
173
176
171
178
174
176
150
147
159
168
168
170
171
27523
112
106
104
106
105
106
105
103
104
105
109
105
102
104
104
102
105
110
108
104
105
104
104
106
111
110
106
108
104
105
103
105
111
117
106
106
106
104
107
106
103
104
105
106
112
109
106
110
107
110
108
109
108
108
109
108
107
121
109
106
116
105
105
107
104
105
105
104
108
113
107
113
106
108
105
103
106
106
105
103
107
107
109
107
110
109
117
108
109
113
109
110
107
107
108
106
122
106
108
106
107
108
108
109
107
123
107
109
108
107
116
107
107
107
108
107
110
110
110
106
121
106
105
106
107
106
106
106
109
106
105
105
108
106
111
109
107
107
111
109
107
109
108
107
109
109
108
109
109
108
108
107
122
110
109
109
109
109
109
108
112
109
106
107
108
120
107
108
107
105
105
107
106
106
108
106
104
136
120
120
108
110
108
110
110
110
110
112
120
112
109
112
110
109
108
112
109
110
114
109
110
107
109
109
111
112
111
111
113
111
110
111
110
112
107
110
107
111
105
105
106
106
115
110
107
105
107
114
106
107
108
107
112
109
111
109
108
112
107
109
109
107
108
116
113
110
109
108
108
107
110
114
110
112
117
114
114
110
110
112
108
109
112
109
109
114
115
109
109
115
109
111
113
108
107
107
107
109
105
109
126
110
112
113
113
110
114
112
111
112
112
111
109
110
111
111
107
111
114
112
113
112
112
112
115
112
113
115
118
112
110
111
111
112
112
113
113
111
109
112
109
112
113
111
110
115
110
110
110
109
111
111
129
114
114
111
114
112
110
111
113
117
112
116
111
110
107
109
112
109
108
110
111
109
109
107
107
109
114
113
111
109
106
109
111
109
118
114
109
107
159
111
112
113
109
113
126
113
112
109
106
106
110
111
114
113
111
111
112
111
111
113
110
113
111
112
114
118
118
113
117
112
111
112
113
115
127
114
115
112
113
115
118
115
115
113
114
115
112
114
112
121
111
118
114
112
114
111
112
118
112
115
116
117
116
116
117
115
115
115
117
115
116
112
111
110
133
111
113
110
110
108
110
111
112
108
109
110
110
113
110
110
111
111
115
110
110
111
109
109
108
108
110
110
109
108
108
113
111
112
114
116
117
118
114
115
114
113
111
109
113
111
110
110
114
109
108
109
109
112
109
110
111
112
112
107
108
109
111
114
108
110
111
119
110
114
110
110
108
110
109
108
107
113
108
110
111
108
109
109
107
108
113
111
110
109
112
113
110
111
121
112
111
110
112
111
109
110
110
118
114
111
109
115
111
112
110
112
112
111
110
111
111
113
109
114
111
111
110
109
109
118
108
112
111
110
107
113
108
108
115
108
109
111
112
110
111
110
112
114
113
113
112
113
112
115
110
112
114
127
117
117
113
119
113
114
112
111
112
110
114
112
119
110
111
112
111
108
111
112
110
108
111
110
110
111
114
110
111
109
110
113
115
117
113
111
112
111
112
137
114
112
113
132
116
116
116
117
116
119
116
116
113
117
113
111
112
111
111
112
111
110
114
111
113
110
112
111
111
112
113
115
113
115
113
112
111
112
112
111
111
111
116
114
112
113
112
125
114
112
111
126
111
112
111
112
113
116
118
114
128
114
116
116
116
116
112
111
111
112
119
143
115
112
113
114
113
123
116
113
115
115
115
112
110
110
110
127
112
112
116
113
117
120
116
115
114
114
116
113
115
116
113
119
115
111
111
115
115
112
114
113
113
123
114
136
117
115
116
114
113
111
109
116
113
111
112
111
112
109
111
109
109
110
149
112
109
108
115
112
110
111
115
116
117
114
115
119
113
115
115
112
113
113
112
111
113
111
117
113
117
126
113
113
115
112
112
113
116
111
113
113
112
111
112
125
115
113
112
110
111
110
109
110
110
110
111
109
111
112
113
115
120
119
120
120
116
119
119
119
116
122
116
115
114
115
118
116
110
112
111
113
114
112
113
116
114
115
112
114
111
125
115
114
112
113
110
113
110
111
117
110
116
109
113
111
110
109
111
111
110
111
113
113
113
113
113
130
116
117
112
114
113
114
122
117
113
115
113
119
114
113
113
130
122
121
120
112
112
114
114
114
115
115
114
114
117
115
118
114
115
117
119
116
114
120
117
114
111
114
116
116
115
119
116
114
114
114
113
115
115
113
115
115
113
114
117
113
147
114
115
114
119
112
116
113
114
111
113
114
112
127
112
113
114
112
111
114
111
111
112
111
110
112
115
111
111
110
111
114
113
112
119
121
119
120
117
117
118
115
146
126
115
115
117
115
114
113
114
117
121
119
126
119
120
120
120
122
120
122
119
117
115
118
118
127
116
118
114
119
117
113
114
115
116
121
116
116
115
118
113
115
119
120
133
115
113
116
116
114
113
115
115
115
115
117
115
114
112
115
114
115
115
119
119
112
113
113
118
115
115
121
114
113
113
120
114
118
114
119
121
117
118
117
118
121
139
120
115
114
113
111
117
115
118
117
116
116
121
119
117
120
124
115
118
124
119
119
120
117
119
123
123
119
116
121
114
116
114
119
113
114
114
118
115
112
111
114
113
157
113
114
116
123
125
114
117
118
119
116
118
117
121
122
122
120
121
122
117
119
118
119
122
120
126
121
122
117
115
115
117
121
116
115
116
116
114
116
116
114
114
131
118
114
117
119
117
122
118
118
118
123
122
115
115
111
113
114
117
117
121
118
117
116
122
118
122
119
119
119
122
127
122
120
121
120
123
123
119
114
113
114
115
152
118
116
116
122
118
113
116
114
117
112
114
116
114
114
115
118
114
113
116
113
115
118
117
153
118
117
131
117
122
120
134
122
123
123
121
121
121
125
116
115
119
121
124
119
118
116
119
122
121
120
123
125
124
121
118
117
120
126
123
119
116
121
119
115
137
117
120
117
119
113
114
112
114
115
115
114
113
117
117
116
116
115
116
145
117
118
113
119
116
117
118
121
118
120
118
124
118
115
118
114
116
116
117
115
114
114
120
125
121
116
122
115
115
118
117
115
115
113
114
114
113
112
114
116
120
122
134
122
124
122
122
124
117
118
116
119
121
119
120
116
118
120
116
116
118
117
116
119
115
114
115
131
117
129
117
116
114
118
117
119
119
116
115
116
115
126
118
175
121
122
124
123
121
121
127
116
114
117
119
131
116
118
117
122
120
121
120
123
121
121
123
127
119
122
117
118
120
122
129
119
114
118
118
118
117
125
117
119
132
124
138
116
117
115
116
118
115
118
119
118
116
116
116
115
118
118
132
126
129
128
130
124
124
123
123
121
123
122
122
125
123
123
121
122
120
120
121
122
121
173
124
126
120
127
119
121
121
124
122
124
122
120
121
120
122
120
119
124
120
123
121
118
119
123
119
123
114
118
121
121
134
120
118
118
120
118
133
115
116
117
117
120
135
119
118
118
120
118
119
118
119
118
118
117
118
118
115
115
117
117
119
117
117
116
123
116
115
126
125
120
120
117
116
113
115
120
114
121
121
121
121
123
160
122
125
124
131
124
125
126
126
127
122
120
119
120
119
117
117
118
119
120
122
125
122
121
130
121
123
121
120
122
122
134
123
119
122
123
120
117
116
118
115
115
117
117
121
115
Time elapsed for 2000 requests : 268644 ms
