client 
99,
86,
87,
87,
92,
86,
88,
87,
88,
87,
87,
88,
99,
91,
89,
88,
84,
86,
89,
87,
90,
87,
88,
87,
88,
87,
86,
85,
85,
88,
87,
86,
86,
85,
86,
85,
86,
97,
87,
86,
85,
85,
88,
88,
86,
86,
85,
87,
86,
84,
90,
87,
89,
90,
86,
88,
87,
86,
87,
107,
86,
88,
89,
89,
88,
88,
86,
90,
88,
87,
86,
90,
89,
86,
88,
85,
88,
88,
85,
87,
87,
86,
85,
87,
86,
84,
87,
86,
86,
89,
87,
86,
86,
85,
94,
87,
89,
86,
86,
87,
88,
91,
90,
91,
86,
89,
86,
86,
88,
85,
86,
87,
90,
88,
87,
88,
88,
87,
86,
87,
119,
123,
124,
129,
123,
121,
117,
123,
123,
124,
115,
123,
124,
126,
122,
119,
123,
127,
123,
123,
125,
123,
123,
120,
120,
116,
95,
97,
120,
117,
121,
146,
124,
120,
118,
121,
122,
94,
86,
87,
85,
89,
87,
85,
88,
86,
87,
83,
86,
89,
89,
87,
83,
87,
83,
82,
84,
85,
84,
89,
84,
86,
82,
82,
86,
86,
85,
86,
85,
86,
86,
85,
91,
84,
85,
83,
86,
84,
83,
87,
87,
86,
101,
102,
85,
87,
85,
72,
75,
74,
73,
73,
73,
72,
72,
73,
76,
75,
75,
72,
74,
73,
73,
72,
75,
73,
70,
70,
76,
73,
76,
73,
73,
73,
71,
71,
71,
72,
74,
74,
72,
72,
73,
73,
74,
73,
73,
72,
73,
73,
73,
73,
71,
73,
73,
73,
72,
88,
87,
88,
87,
87,
87,
87,
87,
86,
93,
87,
87,
87,
86,
86,
87,
85,
85,
85,
88,
85,
85,
86,
85,
86,
86,
85,
85,
86,
85,
87,
86,
87,
87,
86,
87,
86,
87,
86,
85,
84,
87,
84,
95,
89,
85,
89,
88,
89,
90,
71,
73,
73,
73,
71,
72,
74,
73,
74,
75,
77,
73,
72,
74,
72,
73,
75,
73,
77,
71,
74,
74,
72,
72,
72,
74,
71,
72,
72,
73,
72,
74,
73,
79,
72,
74,
72,
72,
72,
72,
71,
74,
71,
73,
72,
72,
74,
72,
72,
71,
88,
87,
86,
90,
87,
86,
87,
87,
88,
89,
87,
86,
87,
86,
86,
90,
97,
88,
86,
89,
89,
86,
88,
86,
88,
86,
85,
87,
85,
86,
85,
86,
87,
86,
88,
84,
85,
96,
88,
86,
86,
87,
86,
88,
87,
88,
89,
88,
87,
87,
74,
74,
73,
71,
72,
71,
72,
74,
73,
73,
73,
73,
72,
72,
73,
75,
73,
73,
73,
73,
72,
71,
73,
73,
71,
71,
74,
74,
74,
71,
73,
73,
72,
73,
73,
73,
73,
72,
78,
73,
71,
74,
74,
72,
73,
81,
74,
77,
75,
73,
88,
88,
88,
87,
91,
86,
88,
87,
88,
89,
88,
88,
89,
85,
88,
88,
85,
90,
86,
86,
85,
87,
89,
89,
89,
88,
91,
89,
86,
87,
90,
88,
86,
85,
89,
87,
85,
86,
86,
84,
85,
88,
89,
87,
90,
88,
89,
89,
88,
88,
73,
72,
72,
72,
72,
73,
72,
75,
73,
73,
73,
76,
72,
73,
72,
72,
73,
75,
73,
74,
73,
74,
72,
72,
71,
72,
72,
73,
73,
72,
71,
72,
73,
73,
72,
72,
72,
74,
75,
74,
72,
72,
72,
78,
74,
74,
73,
73,
72,
73,
86,
88,
90,
86,
88,
87,
92,
88,
89,
87,
86,
87,
84,
90,
88,
86,
86,
88,
88,
88,
106,
86,
89,
86,
86,
88,
87,
86,
87,
87,
89,
89,
85,
84,
85,
87,
84,
84,
89,
88,
87,
87,
86,
88,
90,
87,
88,
92,
88,
86,
73,
73,
72,
73,
72,
73,
71,
71,
71,
73,
72,
73,
72,
72,
71,
74,
74,
72,
73,
74,
73,
75,
73,
74,
72,
73,
73,
72,
72,
72,
74,
72,
71,
74,
74,
72,
72,
72,
74,
73,
72,
74,
73,
72,
71,
71,
72,
73,
72,
75,
93,
87,
87,
88,
86,
88,
88,
92,
91,
89,
90,
89,
88,
93,
86,
85,
87,
86,
89,
88,
86,
87,
86,
93,
86,
87,
93,
87,
86,
90,
86,
86,
88,
86,
87,
85,
88,
83,
86,
86,
101,
87,
89,
88,
89,
91,
89,
89,
88,
86,
72,
73,
74,
73,
75,
75,
72,
72,
73,
71,
73,
73,
72,
74,
72,
73,
72,
71,
75,
73,
73,
73,
73,
70,
71,
71,
71,
70,
73,
74,
75,
71,
74,
74,
72,
74,
72,
75,
72,
71,
76,
72,
72,
74,
73,
74,
74,
73,
73,
73,
89,
88,
88,
87,
89,
87,
86,
86,
89,
89,
89,
89,
87,
87,
85,
88,
84,
87,
85,
87,
85,
88,
87,
88,
88,
85,
86,
86,
88,
91,
84,
85,
86,
85,
86,
87,
90,
90,
85,
87,
85,
87,
85,
88,
90,
93,
90,
90,
89,
88,
75,
72,
72,
73,
74,
73,
73,
70,
72,
74,
75,
73,
73,
71,
75,
75,
72,
73,
72,
73,
73,
73,
72,
73,
73,
73,
72,
75,
73,
71,
74,
73,
73,
73,
72,
74,
72,
75,
73,
72,
72,
71,
76,
73,
73,
74,
71,
73,
75,
75,
88,
87,
86,
89,
88,
86,
86,
88,
86,
88,
89,
87,
86,
87,
89,
86,
88,
86,
85,
88,
87,
90,
86,
87,
86,
87,
86,
85,
87,
87,
88,
84,
87,
87,
86,
90,
87,
86,
91,
85,
86,
87,
86,
115,
87,
87,
88,
90,
89,
86,
72,
73,
71,
73,
74,
72,
75,
71,
71,
73,
77,
72,
72,
72,
72,
73,
73,
71,
73,
71,
75,
75,
74,
76,
73,
75,
72,
71,
74,
72,
72,
73,
74,
73,
72,
71,
73,
72,
76,
74,
74,
77,
73,
72,
78,
71,
74,
75,
75,
73,
88,
89,
99,
91,
86,
88,
86,
89,
91,
88,
86,
89,
86,
87,
87,
88,
95,
88,
89,
87,
88,
87,
87,
92,
88,
94,
89,
87,
86,
88,
85,
84,
86,
93,
86,
86,
91,
85,
83,
87,
84,
87,
85,
