client 
485
95
91
93
91
94
94
98
96
96
95
93
94
94
93
93
96
99
96
92
93
92
95
92
95
93
99
95
92
92
92
95
91
91
92
91
91
90
94
93
91
96
90
90
90
100
91
90
89
90
93
93
93
93
92
93
92
99
92
93
92
92
91
95
100
96
97
105
98
94
105
94
91
91
93
91
94
92
90
91
90
92
91
93
94
91
92
91
92
91
90
92
90
90
92
96
97
89
91
96
97
92
94
94
95
117
125
100
96
98
102
97
97
98
98
98
98
99
98
105
97
95
99
99
96
101
95
98
103
98
96
98
122
105
96
98
97
96
97
104
94
95
93
95
96
95
93
94
97
107
99
97
97
98
101
104
98
98
96
97
100
97
98
103
101
97
98
98
96
96
98
97
98
97
99
98
96
103
97
99
95
98
97
97
98
98
100
98
98
95
97
95
96
97
97
97
94
94
96
92
101
102
97
99
99
98
110
156
104
102
102
103
98
100
99
100
105
95
113
135
132
130
137
145
132
131
144
108
134
131
135
132
133
127
133
130
130
114
125
137
127
127
134
127
129
125
129
129
128
130
136
135
126
128
136
133
129
126
144
130
130
125
134
104
103
104
108
124
125
126
126
132
92
91
90
92
92
93
92
92
94
92
94
92
92
92
91
92
91
93
91
92
92
117
93
90
92
90
89
91
93
93
93
92
92
92
92
93
93
96
93
93
95
96
93
93
92
92
91
92
92
91
107
94
93
94
94
92
104
91
92
92
91
101
90
91
92
91
105
91
95
91
91
91
91
91
92
90
90
90
94
95
99
100
103
97
117
93
93
97
98
96
98
95
93
93
92
92
92
93
92
92
91
92
91
93
90
93
92
92
104
93
91
92
91
91
92
92
91
92
90
89
91
91
91
91
90
90
89
93
92
93
93
92
93
92
92
93
93
93
95
92
92
92
93
92
94
96
91
93
98
92
91
92
92
93
91
91
91
92
113
92
92
91
91
92
91
91
91
91
92
98
89
91
91
93
92
91
91
91
93
93
92
92
93
93
92
94
93
94
92
93
97
94
93
92
92
91
91
92
92
93
92
95
92
92
91
93
93
94
95
92
91
93
91
91
93
97
92
91
90
91
90
91
90
90
90
91
90
93
1,
72,
71,
72,
72,
72,
72,
71,
71,
72,
71,
71,
89,
71,
74,
71,
74,
71,
77,
76,
88,
78,
75,
77,
76,
76,
76,
75,
76,
74,
80,
77,
75,
82,
74,
78,
77,
74,
76,
76,
76,
85,
75,
75,
76,
77,
76,
77,
79,
78,
77,
76,
77,
75,
77,
75,
76,
78,
75,
76,
77,
77,
76,
76,
78,
78,
75,
80,
76,
77,
81,
76,
78,
77,
76,
76,
92,
76,
77,
77,
75,
75,
75,
76,
76,
75,
75,
78,
75,
77,
77,
76,
76,
76,
76,
77,
75,
76,
75,
76,
81,
75,
77,
75,
76,
77,
