client 
92
90
85
96
83
88
86
87
86
87
88
85
85
89
86
85
86
86
85
90
87
86
86
87
86
85
90
85
87
86
87
89
90
86
86
83
86
86
84
88
84
84
88
88
84
86
84
83
84
90
89
86
88
88
88
86
87
89
90
88
87
86
99
88
88
89
86
86
88
87
86
92
89
85
84
85
86
89
85
86
85
85
86
85
83
84
87
85
86
87
84
84
84
84
85
85
86
85
86
84
88
88
88
86
88
86
87
87
87
88
87
87
86
97
91
86
86
87
86
87
86
85
85
86
85
86
86
88
85
86
85
85
86
84
87
84
85
86
83
83
86
86
84
86
86
83
84
85
84
84
90
85
87
87
89
85
86
86
87
86
87
86
87
87
87
85
86
87
86
85
86
86
87
85
84
85
87
84
98
86
84
86
85
85
84
84
84
85
84
84
84
84
95
85
85
84
85
83
83
86
86
89
86
92
87
86
87
88
89
96
90
90
86
86
85
87
85
85
88
84
86
86
84
85
85
88
86
87
87
111
85
84
83
84
86
90
86
84
89
87
83
84
83
84
83
84
83
83
83
83
90
88
85
86
87
88
90
86
88
88
86
86
87
86
85
87
86
86
87
88
86
87
85
87
86
86
86
86
85
85
87
84
86
84
85
84
88
88
85
85
85
85
85
85
88
84
86
84
83
85
86
87
87
85
88
87
93
89
88
87
88
88
87
84
86
88
88
86
86
92
86
87
87
85
86
87
86
89
88
129
87
86
85
89
86
86
85
87
85
85
83
87
86
84
98
83
86
85
85
84
94
90
89
87
88
86
88
92
89
87
88
87
87
86
85
93
89
86
87
86
86
86
87
86
91
86
87
86
85
87
86
86
86
87
86
85
89
84
86
86
85
84
85
86
86
85
86
84
83
83
86
89
89
88
89
88
89
88
93
86
87
88
88
87
88
85
87
85
86
86
87
87
88
87
86
86
87
87
87
86
84
86
84
85
88
86
86
89
85
84
89
84
86
86
86
86
84
84
84
84
87
89
88
87
86
85
87
87
87
97
88
87
86
89
85
95
97
86
86
86
86
87
85
86
85
85
90
86
86
87
87
85
85
88
84
84
84
85
85
89
84
85
85
88
84
85
83
84
83
84
86
85
85
89
87
89
87
87
87
88
89
87
88
86
87
86
84
93
94
87
85
87
86
92
85
84
89
86
88
85
86
87
85
89
86
86
85
84
86
85
85
86
83
83
85
84
87
86
84
85
86
86
86
86
87
85
86
87
88
88
85
85
86
85
87
86
86
86
85
87
84
86
88
84
96
88
85
84
89
87
86
87
91
85
85
93
86
85
85
86
85
84
85
87
86
89
84
83
85
84
86
87
87
88
85
85
86
86
89
147
92
104
125
104
101
104
123
115
90
92
92
93
105
135
91
96
93
91
92
92
88
88
92
97
99
91
91
100
107
97
116
104
117
93
90
96
91
102
126
102
92
93
95
124
122
130
134
125
122
131
125
124
98
111
125
123
120
126
131
122
128
122
133
143
123
127
123
125
145
139
120
117
117
121
118
123
120
124
119
126
122
122
123
125
132
121
125
131
154
117
98
102
100
99
115
115
117
118
130
86
86
87
88
90
85
86
94
88
85
87
85
87
88
95
86
85
86
88
85
85
87
88
86
85
84
85
86
98
85
88
85
85
84
84
86
87
85
83
83
87
93
91
88
87
87
87
86
87
86
86
87
87
87
87
88
86
96
95
98
101
94
105
96
125
95
95
97
98
94
114
98
101
97
95
96
96
94
96
96
94
94
101
93
95
94
94
93
94
95
92
99
98
97
98
98
101
98
103
97
98
101
98
100
110
97
100
98
97
98
100
99
99
98
104
96
98
94
94
94
95
104
94
102
95
97
94
95
95
93
96
95
95
94
95
93
93
92
93
94
94
97
97
95
103
96
99
95
95
98
96
96
101
95
97
95
94
98
93
96
96
96
95
99
96
101
117
96
96
96
91
89
96
97
94
94
97
97
93
94
96
93
93
94
95
94
94
93
94
92
108
96
96
101
98
96
96
96
104
95
96
94
99
97
95
95
102
94
97
94
97
96
95
97
94
95
94
100
95
95
94
96
95
96
114
96
93
94
95
103
101
96
95
96
96
137
98
96
98
97
99
98
100
98
96
98
98
100
98
122
97
109
97
107
99
115
105
98
96
101
95
100
100
95
97
94
96
96
119
99
97
100
100
96
96
96
95
94
105
94
94
95
96
99
98
96
105
95
94
95
82
84
86
88
92
86
86
84
87
86
85
86
85
83
83
86
87
85
88
84
84
83
85
84
84
84
84
86
85
85
85
85
87
84
84
83
85
85
84
84
86
85
83
82
83
83
84
83
82
84
74
74
73
73
72
71
72
72
72
73
73
73
72
74
72
73
73
73
73
73
73
71
72
73
72
72
74
73
72
71
73
72
73
71
73
72
73
73
71
72
72
73
71
72
73
72
73
71
72
73
80
72
72
73
72
73
72
72
73
72
72
71
73
72
74
72
72
75
72
72
74
73
72
72
72
72
73
71
72
71
70
71
74
73
73
75
72
71
72
74
73
71
72
72
73
72
72
73
71
72
72
71
72
72
72
71
72
71
71
70
73
72
73
71
73
74
73
71
72
73
71
72
71
71
72
73
71
72
72
72
74
72
72
72
73
75
71
74
70
71
71
71
74
72
72
72
70
72
71
73
72
73
73
71
76
74
73
71
73
71
71
71
75
73
72
71
72
72
72
71
72
71
71
71
73
72
72
71
73
72
73
72
73
72
71
70
71
72
76
71
72
72
73
72
71
72
72
73
71
71
73
71
73
73
71
72
72
72
73
71
71
73
71
73
73
72
71
71
72
71
73
71
72
73
71
72
73
73
72
72
74
71
72
71
73
74
71
71
71
73
75
72
70
74
72
71
73
73
71
71
73
73
72
73
73
71
72
72
72
72
71
79
73
72
73
72
72
72
79
73
72
72
72
73
71
72
73
70
71
72
74
72
72
71
74
73
73
73
72
72
71
71
73
71
72
72
75
72
72
73
73
74
71
72
71
73
72
71
73
73
74
72
72
72
73
73
71
72
71
72
73
72
72
73
72
71
80
71
73
72
72
74
72
70
72
73
73
72
71
73
72
70
72
75
73
76
73
73
72
73
72
72
73
71
70
72
72
70
71
74
73
74
73
72
71
72
73
72
73
72
72
73
72
71
75
72
72
72
72
75
73
74
72
71
73
72
72
72
72
73
72
73
73
71
71
72
71
76
72
71
74
73
74
71
70
72
71
72
72
73
71
71
72
73
73
73
73
71
71
73
73
72
72
73
73
71
73
72
71
72
72
72
74
72
74
74
71
73
70
72
72
72
72
71
71
73
72
72
72
72
71
75
72
72
72
72
71
71
73
72
73
73
73
72
73
73
72
72
71
73
73
73
72
73
72
71
73
72
74
72
73
71
74
71
72
72
73
71
71
73
73
73
72
74
72
75
73
73
71
72
72
72
71
72
72
74
71
72
71
72
72
73
74
77
71
72
73
71
72
71
73
71
73
73
72
73
72
72
73
73
72
73
71
71
72
73
71
72
71
72
71
70
72
72
72
75
71
70
71
72
71
72
71
70
71
72
73
72
71
74
70
71
72
72
73
71
75
71
71
73
72
72
71
72
72
71
73
73
75
73
72
75
71
72
72
71
73
72
71
72
74
73
72
73
71
71
74
71
71
77
75
72
72
72
71
73
71
72
72
72
72
73
71
73
72
73
71
74
71
72
73
75
71
72
71
73
73
72
72
72
72
72
71
73
72
73
71
70
71
73
72
72
72
71
77
73
73
72
72
73
74
71
71
72
72
73
72
71
72
70
71
74
72
74
73
73
74
74
73
72
72
72
71
71
71
75
72
72
72
71
71
72
71
73
72
73
71
73
71
73
72
72
73
76
74
73
72
73
74
73
72
72
71
72
72
74
73
76
73
73
73
74
73
72
72
72
76
76
73
71
73
73
74
74
72
70
72
73
72
71
72
74
73
73
73
72
71
71
73
74
73
72
73
73
74
71
71
73
71
73
73
74
71
72
73
73
72
73
72
76
76
73
71
71
73
72
73
72
72
72
72
73
73
71
71
72
72
71
72
74
73
71
72
73
71
72
72
72
74
73
72
73
72
72
72
72
72
73
73
72
73
73
74
76
73
73
72
72
71
73
73
71
73
74
72
74
73
71
72
71
72
73
71
72
73
71
71
73
72
72
72
72
71
71
71
71
72
72
71
73
72
73
71
72
72
74
72
71
73
76
76
73
73
73
71
73
72
72
72
75
71
72
71
72
73
74
72
72
71
70
71
73
72
72
75
72
73
74
72
71
73
74
75
71
71
73
73
71
72
71
72
72
72
74
71
72
78
73
72
71
70
71
72
72
71
72
71
72
72
72
71
72
72
72
72
71
72
72
72
71
73
73
71
72
72
72
74
73
74
72
72
72
71
71
75
72
71
70
72
73
72
72
72
71
73
74
71
72
72
72
73
Time elapsed for 2000 requests : 165250 ms
