client 
92,
89,
91,
90,
98,
88,
85,
87,
87,
87,
90,
86,
86,
86,
86,
89,
87,
87,
89,
88,
88,
87,
86,
86,
86,
85,
85,
85,
86,
85,
87,
85,
82,
85,
85,
84,
85,
84,
94,
86,
83,
86,
84,
86,
83,
83,
85,
83,
84,
84,
86,
87,
87,
85,
87,
91,
86,
86,
86,
85,
87,
86,
87,
88,
87,
88,
87,
85,
88,
86,
86,
85,
89,
87,
87,
85,
84,
101,
87,
85,
86,
86,
88,
85,
85,
84,
85,
84,
87,
84,
86,
85,
86,
88,
83,
84,
84,
84,
85,
85,
89,
85,
85,
86,
85,
87,
90,
88,
88,
86,
86,
89,
86,
88,
87,
85,
84,
85,
87,
90,
85,
88,
85,
87,
86,
86,
85,
83,
86,
86,
85,
83,
85,
85,
85,
84,
84,
83,
85,
86,
85,
88,
86,
84,
84,
84,
83,
87,
86,
87,
85,
86,
89,
87,
89,
86,
86,
91,
88,
85,
85,
85,
86,
87,
86,
90,
86,
86,
85,
85,
90,
90,
85,
85,
86,
84,
85,
85,
86,
85,
94,
85,
84,
87,
86,
86,
84,
84,
83,
83,
84,
87,
86,
96,
84,
85,
84,
83,
84,
84,
89,
86,
86,
88,
87,
86,
122,
123,
123,
122,
129,
122,
121,
121,
122,
132,
117,
127,
127,
122,
125,
126,
125,
124,
175,
124,
120,
122,
125,
120,
133,
97,
97,
119,
118,
117,
119,
120,
120,
116,
116,
116,
105,
84,
82,
82,
84,
84,
81,
81,
86,
82,
86,
85,
84,
85,
85,
85,
83,
86,
84,
87,
84,
82,
83,
85,
83,
84,
82,
85,
85,
85,
86,
86,
83,
83,
82,
84,
91,
83,
83,
85,
97,
84,
82,
86,
83,
85,
83,
82,
86,
83,
73,
72,
70,
76,
72,
72,
72,
72,
72,
71,
72,
72,
74,
71,
72,
71,
77,
72,
72,
73,
72,
70,
73,
72,
71,
71,
71,
71,
72,
72,
72,
72,
73,
74,
72,
72,
72,
72,
73,
72,
71,
72,
72,
71,
73,
73,
73,
72,
73,
73,
70,
72,
72,
71,
74,
72,
71,
72,
71,
71,
71,
69,
71,
72,
71,
73,
72,
72,
73,
72,
72,
72,
74,
73,
70,
73,
75,
71,
72,
72,
72,
74,
73,
73,
73,
71,
73,
71,
73,
70,
74,
72,
70,
72,
71,
80,
74,
73,
72,
72,
73,
71,
71,
71,
73,
72,
70,
71,
71,
71,
74,
72,
73,
71,
73,
72,
72,
73,
72,
72,
71,
72,
72,
71,
71,
71,
72,
72,
74,
74,
72,
71,
72,
73,
74,
71,
74,
72,
73,
71,
74,
79,
71,
71,
70,
72,
71,
73,
73,
73,
72,
71,
74,
72,
72,
72,
72,
71,
69,
73,
71,
70,
70,
73,
73,
71,
72,
72,
70,
73,
71,
73,
70,
72,
72,
71,
72,
73,
72,
71,
70,
74,
71,
71,
70,
73,
72,
72,
72,
71,
72,
71,
70,
72,
71,
72,
73,
75,
72,
71,
70,
71,
72,
71,
72,
73,
71,
73,
